[-1.820302 -1.45661   4.563359]
[-1.8202795 -1.4570673  4.563432 ]
[-1.8201872 -1.45651    4.563211 ]
[-1.8201873 -1.456499   4.563213 ]
[-1.8201854 -1.4565122  4.5632105]
[-1.8201832 -1.4565892  4.563214 ]
[-1.8201836 -1.4565194  4.563211 ]
[-1.8201823 -1.4565954  4.563214 ]
[-1.8201834 -1.4565158  4.5632105]
[-1.8201911 -1.456814   4.563256 ]
[-1.8201797 -1.4565961  4.563214 ]
[-1.8201809 -1.4565529  4.563218 ]
[-1.82018   -1.4565561  4.5632186]
[-1.8201885 -1.4568132  4.5632567]
[-1.8201767 -1.4565943  4.563216 ]
[-1.8201784 -1.4565536  4.5632195]
[-1.8201784 -1.4565536  4.5632195]
[-1.8201882 -1.4567535  4.563258 ]
[-1.8201783 -1.456559   4.563221 ]
[-1.8201745 -1.4565996  4.5632157]
[-1.8201873 -1.4567679  4.56326  ]
[-1.8201847 -1.456812   4.5632563]
[-1.8201737 -1.4565988  4.5632167]
[-1.8201771 -1.4565792  4.5632243]
[-1.8201743 -1.4566126  4.5632205]
[-1.8201839 -1.4568129  4.563257 ]
[-1.8201766 -1.4566351  4.5632296]
[-1.8201764 -1.456623   4.563229 ]
[-1.820172  -1.4565955  4.563216 ]
[-1.8201764 -1.4566282  4.5632305]
[-1.8201824 -1.4568151  4.5632586]
[-1.8201749 -1.4566432  4.5632296]
[-1.8201747 -1.4565587  4.5632234]
[-1.8201822 -1.4568157  4.5632586]
[-1.8201747 -1.4565855  4.5632253]
[-1.8201747 -1.4565576  4.563224 ]
[-1.8201709 -1.4565966  4.563217 ]
[-1.8201752 -1.4567112  4.563236 ]
[-1.8201741 -1.4567196  4.563236 ]
[-1.8201818 -1.4568132  4.563261 ]
[-1.8201725 -1.4565355  4.56322  ]
[-1.8201702 -1.456604   4.563219 ]
[-1.8201808 -1.4568155  4.563259 ]
[-1.820174  -1.4566393  4.5632324]
[-1.8201705 -1.4566131  4.563222 ]
[-1.8201725 -1.4565114  4.5632195]
[-1.8201727 -1.456545   4.563223 ]
[-1.8201736 -1.456559   4.563226 ]
[-1.8201954 -1.4569482  4.563304 ]
[-1.8201729 -1.4567261  4.5632367]
[-1.8201734 -1.4565074  4.563223 ]
[-1.8201723 -1.4567304  4.5632358]
[-1.8201722 -1.4567281  4.5632358]
[-1.8201685 -1.456598   4.563218 ]
[-1.8201731 -1.4567143  4.5632377]
[-1.8201754 -1.4567006  4.563243 ]
[-1.8201827 -1.456832   4.5632687]
[-1.8201715 -1.4566696  4.563231 ]
[-1.820169  -1.4566033  4.5632205]
[-1.8201734 -1.4565583  4.563228 ]
[-1.8201727 -1.456711   4.563237 ]
[-1.8201734 -1.4565551  4.5632296]
[-1.8201709 -1.4567235  4.563236 ]
[-1.8201705 -1.4565355  4.563222 ]
[-1.8201779 -1.4568429  4.563262 ]
[-1.820171  -1.4566518  4.563233 ]
[-1.820171  -1.4566518  4.563233 ]
[-1.8201716 -1.4567133  4.5632386]
[-1.8201717 -1.4565599  4.5632277]
[-1.82017   -1.4565343  4.5632224]
[-1.8201808 -1.4568012  4.5632677]
[-1.8201705 -1.4567155  4.563237 ]
[-1.8201672 -1.4565967  4.5632205]
[-1.8201696 -1.4567188  4.563236 ]
[-1.8201704 -1.456711   4.5632377]
[-1.8201698 -1.4566673  4.563235 ]
[-1.820169  -1.4566692  4.563233 ]
[-1.8201702 -1.4565455  4.5632267]
[-1.8201697 -1.4565425  4.563226 ]
[-1.8201666 -1.4565963  4.563223 ]
[-1.8201666 -1.4565963  4.563223 ]
[-1.8201689 -1.4567266  4.5632377]
[-1.8201689 -1.4567307  4.5632377]
[-1.8201762 -1.4568421  4.563263 ]
[-1.8201761 -1.4568127  4.563262 ]
[-1.8201761 -1.4568127  4.563262 ]
[-1.8201748 -1.4568447  4.5632615]
[-1.8201686 -1.456621   4.5632324]
[-1.8201703 -1.456631   4.563237 ]
[-1.8201674 -1.4567188  4.563236 ]
[-1.8201722 -1.4567454  4.56325  ]
[-1.8201666 -1.4567145  4.563235 ]
[-1.8201727 -1.456859   4.563258 ]
[-1.8201667 -1.456717   4.563236 ]
[-1.8201654 -1.4565984  4.563226 ]
[-1.8201661 -1.4566053  4.563229 ]
[-1.8201665 -1.4566094  4.56323  ]
[-1.8201672 -1.4565924  4.563232 ]
[-1.8201663 -1.4567244  4.56324  ]
[-1.8201653 -1.4567279  4.563238 ]
[-1.8201648 -1.4567176  4.5632367]
[-1.8201652 -1.4567075  4.5632377]
[-1.8201649 -1.4566078  4.563231 ]
[-1.820165  -1.4566139  4.563232 ]
[-1.8201642 -1.4567118  4.5632377]
[-1.8201642 -1.4567322  4.563239 ]
[-1.8201629 -1.4567087  4.5632367]
[-1.8201625 -1.4567139  4.563236 ]
[-1.8201786 -1.4569526  4.5632906]
[-1.8201623 -1.4567285  4.563239 ]
[-1.8201623 -1.4567285  4.563239 ]
[-1.820169  -1.4568156  4.563261 ]
[-1.8201714 -1.4568058  4.5632668]
[-1.8201612 -1.4567109  4.563236 ]
[-1.8201662 -1.4568627  4.563258 ]
[-1.8201694 -1.4568034  4.563265 ]
[-1.8201644 -1.4566904  4.5632463]
[-1.8201678 -1.456814   4.5632625]
[-1.8201672 -1.4568154  4.563262 ]
[-1.8201672 -1.4568154  4.563262 ]
[-1.820161  -1.4567173  4.5632415]
[-1.820161  -1.4567322  4.563243 ]
[-1.8201673 -1.456814   4.5632634]
[-1.8201663 -1.4568169  4.563262 ]
[-1.820164  -1.4568629  4.5632596]
[-1.8201606 -1.4567196  4.563244 ]
[-1.8201602 -1.4567268  4.5632467]
[-1.8201647 -1.4568156  4.5632634]
[-1.8201615 -1.4568576  4.5632625]
[-1.8201629 -1.4568475  4.5632653]
[-1.8201613 -1.4568548  4.5632634]
[-1.8201616 -1.4568163  4.563262 ]
[-1.8201617 -1.4568849  4.563266 ]
[-1.8201598 -1.4568601  4.5632625]
[-1.8201605 -1.4568502  4.563264 ]
[-1.8201616 -1.4569173  4.5632706]
[-1.8201663 -1.4569365  4.5632844]
[-1.820161  -1.4568764  4.563269 ]
[-1.820166  -1.4569849  4.5632873]
[-1.820164  -1.4569741  4.563282 ]
[-1.820164  -1.4569741  4.563282 ]
[-1.820164  -1.4569563  4.5632815]
[-1.8201627 -1.4569569  4.563281 ]
[-1.8201625 -1.4569618  4.5632815]
[-1.8201588 -1.4569216  4.5632734]
[-1.8201646 -1.4569933  4.56329  ]
[-1.8201569 -1.456851   4.563265 ]
[-1.8201607 -1.4569627  4.56328  ]
[-1.8201617 -1.4569435  4.5632815]
[-1.8201647 -1.4569918  4.563292 ]
[-1.8201572 -1.4568833  4.5632687]
[-1.820157  -1.4568858  4.5632687]
[-1.8201555 -1.4568624  4.563265 ]
[-1.8201606 -1.4569719  4.563283 ]
[-1.8201612 -1.456942   4.563283 ]
[-1.8201609 -1.4569677  4.5632834]
[-1.8201561 -1.4568516  4.5632687]
[-1.8201557 -1.4568486  4.563268 ]
[-1.8201563 -1.4568859  4.563272 ]
[-1.8201596 -1.4569476  4.5632844]
[-1.8201555 -1.4568928  4.5632734]
[-1.8201576 -1.456976   4.5632825]
[-1.820156  -1.4568782  4.5632744]
[-1.820156  -1.4568782  4.5632744]
[-1.8201543 -1.4568477  4.563269 ]
[-1.8201543 -1.4568477  4.563269 ]
[-1.8201538 -1.4568624  4.5632706]
[-1.8201535 -1.4568589  4.563269 ]
[-1.8201554 -1.4568721  4.563276 ]
[-1.820155  -1.4569227  4.563279 ]
[-1.8201549 -1.4569623  4.5632815]
[-1.8201538 -1.456959   4.5632796]
[-1.8201535 -1.4569542  4.563279 ]
[-1.8201543 -1.4569695  4.563283 ]
[-1.820153  -1.4569225  4.563279 ]
[-1.820153  -1.4569225  4.563279 ]
[-1.8201535 -1.4569752  4.563284 ]
[-1.8201513 -1.4569739  4.5632887]
[-1.8201513 -1.4569739  4.5632887]
[-1.8200425 -1.456841   4.5631037]
[-1.8200417 -1.4568396  4.563105 ]
[-1.82004   -1.45684    4.5631075]
[-1.8200374 -1.4568418  4.563106 ]
[-1.820036  -1.4568421  4.5631056]
[-1.8200356 -1.4568427  4.5631056]
[-1.8200383 -1.4567871  4.5631094]
[-1.8200383 -1.4567871  4.5631094]
[-1.8200346 -1.4568428  4.563107 ]
[-1.8200206 -1.4567477  4.563078 ]
[-1.8200295 -1.4568428  4.5631094]
[-1.8200305 -1.4568726  4.5631185]
[-1.8200241 -1.4568446  4.56311  ]
[-1.8200251 -1.4568739  4.563115 ]
[-1.8200215 -1.456893   4.563109 ]
[-1.820021  -1.4568961  4.5631084]
[-1.8200202 -1.4568946  4.56311  ]
[-1.8200176 -1.4568957  4.563108 ]
[-1.820019  -1.4568794  4.563115 ]
[-1.8200212 -1.4569479  4.5631294]
[-1.820016  -1.456886   4.5631156]
[-1.8200167 -1.4569423  4.563125 ]
[-1.8200159 -1.4569407  4.563126 ]
[-1.8200134 -1.456927   4.563124 ]
[-1.8200173 -1.4569921  4.5631385]
[-1.8200151 -1.456992   4.5631385]
[-1.820016  -1.4569852  4.563142 ]
[-1.8200142 -1.4569863  4.5631423]
[-1.8196932 -1.4566107  4.562636 ]
[-1.8196932 -1.4566107  4.562636 ]
[-1.8196929 -1.4566101  4.562637 ]
[-1.819693  -1.4566051  4.5626397]
[-1.819699  -1.4566482  4.562664 ]
[-1.819699  -1.4566482  4.562664 ]
[-1.8196983 -1.4566562  4.562663 ]
[-1.8196996 -1.4566722  4.562669 ]
[-1.8196905 -1.4565829  4.562638 ]
[-1.819701  -1.4566965  4.5626755]
[-1.8196903 -1.4566123  4.5626435]
[-1.8197007 -1.4566976  4.562679 ]
[-1.8196889 -1.4566125  4.5626445]
[-1.8196886 -1.4565904  4.562641 ]
[-1.8196888 -1.4565845  4.5626416]
[-1.8196883 -1.4566097  4.5626445]
[-1.8196889 -1.4565794  4.5626435]
[-1.8196892 -1.4565834  4.562645 ]
[-1.8196886 -1.4566066  4.5626473]
[-1.819687  -1.4566137  4.5626493]
[-1.8196962 -1.4566809  4.5626783]
[-1.8196865 -1.4566113  4.56265  ]
[-1.8196864 -1.4566132  4.56265  ]
[-1.8196949 -1.4566706  4.5626764]
[-1.8197018 -1.4567597  4.562706 ]
[-1.8196875 -1.4565731  4.5626583]
[-1.8196841 -1.4564528  4.56266  ]
[-1.8196917 -1.456653   4.5627003]
[-1.8196952 -1.4567267  4.562719 ]
[-1.8196436 -1.4565798  4.5626383]
[-1.8196433 -1.4565802  4.56264  ]
[-1.819643  -1.4565899  4.5626473]
[-1.8196414 -1.45662    4.5626554]
[-1.8196508 -1.4566665  4.5626936]
[-1.8196528 -1.4566865  4.5627046]
[-1.8196362 -1.4566219  4.5626583]
[-1.8196542 -1.456705   4.562712 ]
[-1.8196347 -1.456605   4.562656 ]
[-1.8196311 -1.4566263  4.562662 ]
[-1.8196301 -1.4566231  4.562661 ]
[-1.8196286 -1.4566244  4.5626636]
[-1.8196286 -1.4566244  4.5626636]
[-1.8196267 -1.4566292  4.562663 ]
[-1.8196273 -1.4566256  4.562665 ]
[-1.8196263 -1.4566272  4.5626664]
[-1.8196263 -1.4566272  4.5626664]
[-1.8196466 -1.4566917  4.5627275]
[-1.8196232 -1.456624   4.562668 ]
[-1.8196226 -1.4566264  4.5626707]
[-1.819641  -1.4566535  4.5627213]
[-1.8196394 -1.4566549  4.5627236]
[-1.8196238 -1.4566294  4.562685 ]
[-1.8196236 -1.4566245  4.562685 ]
[-1.8196236 -1.4566245  4.562685 ]
[-1.8196234 -1.4566095  4.56269  ]
[-1.8196256 -1.456632   4.562703 ]
[-1.8196319 -1.456704   4.5627475]
[-1.819634  -1.4567444  4.5627575]
[-1.8196316 -1.4567055  4.5627494]
[-1.81963   -1.4566733  4.5627437]
[-1.8196304 -1.4567038  4.5627503]
[-1.8196255 -1.4565483  4.562724 ]
[-1.8196255 -1.4565464  4.562724 ]
[-1.8196248 -1.4565166  4.56272  ]
[-1.8196211 -1.4567863  4.562748 ]
[-1.8196156 -1.4567746  4.5627475]
[-1.8196031 -1.4566845  4.5627255]
[-1.8196028 -1.4566702  4.5627246]
[-1.8196012 -1.4566584  4.562721 ]
[-1.8196045 -1.4567276  4.562736 ]
[-1.8196014 -1.4566584  4.5627227]
[-1.8196018 -1.4566851  4.5627284]
[-1.8195972 -1.456603   4.56271  ]
[-1.8196005 -1.4566612  4.562724 ]
[-1.8196003 -1.45666    4.562724 ]
[-1.8196017 -1.4567012  4.5627327]
[-1.819601  -1.4566882  4.5627303]
[-1.8196006 -1.4566733  4.5627275]
[-1.8196101 -1.4568099  4.562765 ]
[-1.8195953 -1.4565367  4.562709 ]
[-1.8196056 -1.4567538  4.562758 ]
[-1.8195928 -1.4566585  4.5627236]
[-1.8195925 -1.45666    4.562723 ]
[-1.8195871 -1.456549   4.5627003]
[-1.8195871 -1.4565481  4.5627007]
[-1.8195848 -1.4566444  4.5627065]
[-1.8195889 -1.4565424  4.5627065]
[-1.8195876 -1.4565479  4.562705 ]
[-1.8195868 -1.4565482  4.562703 ]
[-1.8195883 -1.4565384  4.562707 ]
[-1.8195969 -1.4567289  4.562751 ]
[-1.8195862 -1.4565498  4.5627065]
[-1.8195819 -1.456603   4.562702 ]
[-1.8195838 -1.456627   4.56271  ]
[-1.819584  -1.4566354  4.5627117]
[-1.8195873 -1.4565438  4.56271  ]
[-1.8195813 -1.4566052  4.5627046]
[-1.8195812 -1.4566035  4.562705 ]
[-1.8195947 -1.4566734  4.562747 ]
[-1.8195939 -1.4566783  4.562747 ]
[-1.819594  -1.4566758  4.562748 ]
[-1.8195935 -1.4566771  4.562749 ]
[-1.8195933 -1.4566658  4.562747 ]
[-1.8195864 -1.4565446  4.5627174]
[-1.8195853 -1.4565463  4.562715 ]
[-1.8195878 -1.4564631  4.5627112]
[-1.8195893 -1.4565428  4.56273  ]
[-1.819609  -1.4567202  4.562809 ]
[-1.8196034 -1.4566118  4.562793 ]
[-1.8196008 -1.4566473  4.562796 ]
[-1.819599  -1.4566306  4.562792 ]
[-1.8196006 -1.4566149  4.562795 ]
[-1.8195983 -1.4566174  4.562793 ]
[-1.8195974 -1.4566474  4.562795 ]
[-1.819598  -1.4566176  4.5627956]
[-1.819598  -1.4566176  4.5627956]
[-1.8195963 -1.4566481  4.562795 ]
[-1.819596  -1.4566491  4.5627956]
[-1.819596  -1.4566491  4.5627956]
[-1.8195976 -1.4566221  4.5628   ]
[-1.819603  -1.4565735  4.5628104]
[-1.8195925 -1.4566572  4.5627975]
[-1.8196013 -1.4565616  4.562809 ]
[-1.8196017 -1.4565746  4.562813 ]
[-1.8195968 -1.4564606  4.5627875]
[-1.8195894 -1.4566439  4.5627975]
[-1.8195986 -1.45656    4.562813 ]
[-1.8195891 -1.4566396  4.5627995]
[-1.8196098 -1.4568245  4.562869 ]
[-1.8196039 -1.4564399  4.562812 ]
[-1.8195868 -1.4566352  4.5627956]
[-1.8196024 -1.4567617  4.562848 ]
[-1.819602  -1.4566123  4.562832 ]
[-1.819586  -1.4566389  4.562796 ]
[-1.8195857 -1.456637   4.5627966]
[-1.8196002 -1.4565918  4.5628285]
[-1.8195947 -1.4565607  4.5628114]
[-1.8195987 -1.4566133  4.562829 ]
[-1.8195845 -1.4566365  4.562798 ]
[-1.8195837 -1.4566547  4.5627985]
[-1.8195843 -1.4566519  4.5627995]
[-1.8195832 -1.4566524  4.5627995]
[-1.819602  -1.4567834  4.562859 ]
[-1.8196031 -1.4567716  4.5628614]
[-1.8195823 -1.45666    4.5627995]
[-1.8195823 -1.4566568  4.5627995]
[-1.8195915 -1.4565618  4.5628123]
[-1.8195822 -1.4566528  4.5628004]
[-1.8195814 -1.4566587  4.5628014]
[-1.8196098 -1.4568146  4.5628867]
[-1.8195988 -1.4565979  4.56284  ]
[-1.8196095 -1.4568131  4.5628915]
[-1.8195888 -1.4564556  4.562805 ]
[-1.8196095 -1.4568118  4.5628963]
[-1.8195912 -1.456526   4.562821 ]
[-1.8195931 -1.4566101  4.5628366]
[-1.8195988 -1.4565978  4.56285  ]
[-1.8195748 -1.4566251  4.562795 ]
[-1.8195769 -1.4566602  4.562805 ]
[-1.8195769 -1.4566602  4.562805 ]
[-1.8195856 -1.4565684  4.5628157]
[-1.8195746 -1.4566265  4.562797 ]
[-1.8195848 -1.4565699  4.562815 ]
[-1.8195839 -1.4564768  4.5628023]
[-1.8195792 -1.4566216  4.562809 ]
[-1.8195839 -1.4565738  4.5628157]
[-1.8195844 -1.4565712  4.562817 ]
[-1.819576  -1.4566609  4.5628095]
[-1.8195833 -1.4565748  4.562821 ]
[-1.8195845 -1.4565743  4.5628233]
[-1.8195761 -1.4566609  4.5628133]
[-1.8195767 -1.4566572  4.562815 ]
[-1.8195769 -1.4566371  4.562816 ]
[-1.8196094 -1.4568018  4.5629125]
[-1.8195765 -1.4566622  4.5628185]
[-1.819582  -1.4565775  4.5628223]
[-1.8195801 -1.4564662  4.562804 ]
[-1.8195856 -1.4564537  4.5628166]
[-1.8195841 -1.4564599  4.5628147]
[-1.8195761 -1.4566653  4.562821 ]
[-1.8195761 -1.4566653  4.562821 ]
[-1.8196082 -1.4568017  4.562914 ]
[-1.819588  -1.4565339  4.562836 ]
[-1.8195877 -1.4565107  4.5628324]
[-1.8195766 -1.4566559  4.562823 ]
[-1.8195758 -1.4566416  4.5628195]
[-1.8195765 -1.456639   4.5628214]
[-1.8195765 -1.456639   4.5628214]
[-1.8195763 -1.4566628  4.562824 ]
[-1.8195843 -1.456453   4.562818 ]
[-1.8195758 -1.4566458  4.562822 ]
[-1.8195767 -1.4566536  4.5628257]
[-1.8195822 -1.4565793  4.562831 ]
[-1.8195843 -1.4564524  4.5628195]
[-1.8195835 -1.4564584  4.56282  ]
[-1.8195766 -1.4566672  4.56283  ]
[-1.8195823 -1.4564675  4.5628214]
[-1.8195806 -1.4564697  4.5628185]
[-1.8195993 -1.4568226  4.562908 ]
[-1.8195753 -1.4566443  4.562836 ]
[-1.819576  -1.4566623  4.5628405]
[-1.8195808 -1.456472   4.562829 ]
[-1.8195764 -1.456667   4.5628424]
[-1.8195761 -1.4566427  4.5628414]
[-1.8195764 -1.4566405  4.5628424]
[-1.8196055 -1.4567696  4.5629277]
[-1.8195754 -1.4566337  4.562845 ]
[-1.819576 -1.456631  4.562847]
[-1.8195758 -1.4566364  4.562848 ]
[-1.8195758 -1.4566364  4.562848 ]
[-1.8195747 -1.4566375  4.56285  ]
[-1.8195748 -1.456632   4.56285  ]
[-1.8195748 -1.456632   4.56285  ]
[-1.8196033 -1.4568669  4.5629435]
[-1.8195741 -1.4566336  4.5628505]
[-1.8195795 -1.4564773  4.5628448]
[-1.8196018 -1.4567083  4.5629287]
[-1.8195983 -1.4564859  4.5628967]
[-1.8196018 -1.4566367  4.562925 ]
[-1.8196224 -1.456373   4.562942 ]
[-1.8196119 -1.4564584  4.5629287]
[-1.8196119 -1.4564584  4.5629287]
[-1.819613  -1.4564542  4.5629315]
[-1.8195972 -1.4568447  4.562938 ]
[-1.819598  -1.4567084  4.5629296]
[-1.8196088 -1.4564712  4.5629306]
[-1.8196058 -1.4564774  4.562926 ]
[-1.8196057 -1.4564769  4.562926 ]
[-1.8196021 -1.4565642  4.562929 ]
[-1.8196067 -1.4564742  4.5629306]
[-1.8196032 -1.4565341  4.56293  ]
[-1.8196042 -1.4564775  4.5629263]
[-1.819603  -1.4565339  4.562931 ]
[-1.8196014 -1.4565654  4.562932 ]
[-1.8196024 -1.4565287  4.5629315]
[-1.8196031 -1.4565201  4.5629325]
[-1.8196002 -1.4565309  4.5629306]
[-1.8195904 -1.456757   4.562935 ]
[-1.8195901 -1.4566944  4.5629296]
[-1.81959   -1.4567332  4.5629344]
[-1.8195897 -1.4566919  4.5629296]
[-1.8195859 -1.4566796  4.5629206]
[-1.8195903 -1.4567199  4.5629363]
[-1.8195903 -1.4567199  4.5629363]
[-1.8195962 -1.4565669  4.5629334]
[-1.819587  -1.4566455  4.562922 ]
[-1.8195974 -1.4565158  4.5629315]
[-1.8195854 -1.456679   4.5629225]
[-1.8195901 -1.4567198  4.5629387]
[-1.81959   -1.4567047  4.5629373]
[-1.8196106 -1.4564084  4.5629497]
[-1.8195897 -1.4567463  4.562941 ]
[-1.8195902 -1.4567196  4.56294  ]
[-1.8195901 -1.4567176  4.56294  ]
[-1.8195848 -1.4566809  4.562925 ]
[-1.8195962 -1.4565151  4.5629325]
[-1.8195953 -1.4565166  4.562932 ]
[-1.8195953 -1.4565166  4.562932 ]
[-1.819584  -1.4566456  4.562922 ]
[-1.8195847 -1.4566758  4.562928 ]
[-1.8195841 -1.4566802  4.5629272]
[-1.8195893 -1.4567448  4.562947 ]
[-1.8195838 -1.4566826  4.5629287]
[-1.8195847 -1.4566731  4.56293  ]
[-1.8195856 -1.4566433  4.562929 ]
[-1.8195844 -1.456648   4.5629272]
[-1.8195834 -1.4566453  4.562925 ]
[-1.8195834 -1.4566453  4.562925 ]
[-1.8195838 -1.4566504  4.5629263]
[-1.8195887 -1.4567147  4.562947 ]
[-1.819598  -1.4564631  4.5629387]
[-1.8195832 -1.4566453  4.562927 ]
[-1.8195896 -1.4565867  4.5629354]
[-1.8195921 -1.4565209  4.5629334]
[-1.8195829 -1.4566833  4.562931 ]
[-1.819589  -1.4565948  4.5629354]
[-1.8195894 -1.456591   4.562936 ]
[-1.8195896 -1.45659    4.5629377]
[-1.8195845 -1.4566746  4.5629363]
[-1.8195908 -1.4565158  4.562932 ]
[-1.8195833 -1.4566588  4.562932 ]
[-1.8195889 -1.4565887  4.5629377]
[-1.8195884 -1.4565904  4.5629373]
[-1.8195826 -1.4566842  4.5629344]
[-1.8195901 -1.4565371  4.562935 ]
[-1.819583  -1.4566753  4.5629363]
[-1.8195932 -1.4564673  4.562935 ]
[-1.8195873 -1.4565947  4.5629373]
[-1.819582  -1.4566833  4.562935 ]
[-1.8195829 -1.4566692  4.562937 ]
[-1.8195837 -1.4566562  4.5629373]
[-1.8195825 -1.4566675  4.562936 ]
[-1.8195817 -1.4566847  4.5629363]
[-1.8195828 -1.456664   4.562937 ]
[-1.8195843 -1.456654   4.5629396]
[-1.8195843 -1.456654   4.5629396]
[-1.8195838 -1.4566588  4.562939 ]
[-1.8195823 -1.4566785  4.562939 ]
[-1.8195889 -1.4565177  4.5629354]
[-1.8195863 -1.456597   4.562939 ]
[-1.8195827 -1.4566674  4.56294  ]
[-1.8195821 -1.456663   4.5629396]
[-1.8195944 -1.4564742  4.5629463]
[-1.8195821 -1.4566783  4.5629425]
[-1.819582  -1.4566619  4.5629406]
[-1.8195804 -1.4566848  4.56294  ]
[-1.8195829 -1.4566573  4.562944 ]
[-1.8195865 -1.4564967  4.562933 ]
[-1.8195934 -1.4564768  4.562947 ]
[-1.8195804 -1.4566861  4.562942 ]
[-1.8196619 -1.4567846  4.5631514]
[-1.8195935 -1.4564866  4.56295  ]
[-1.8196615 -1.4567825  4.5631514]
[-1.81958   -1.4566845  4.562943 ]
[-1.8196151 -1.456662   4.563026 ]
[-1.8195934 -1.4564835  4.5629506]
[-1.8196664 -1.456505   4.563133 ]
[-1.8195802 -1.4566754  4.562946 ]
[-1.8195869 -1.4564937  4.5629396]
[-1.8196617 -1.4567912  4.563158 ]
[-1.8195791 -1.4566872  4.5629463]
[-1.819579  -1.4566556  4.562944 ]
[-1.8196614 -1.4567919  4.5631595]
[-1.8196607 -1.4567882  4.563158 ]
[-1.819674 -1.456774  4.563189]
[-1.8195784 -1.4566519  4.562945 ]
[-1.8196275 -1.4566066  4.563059 ]
[-1.8195785 -1.45665    4.5629463]
[-1.819674  -1.4567759  4.5631924]
[-1.8195779 -1.4566507  4.5629454]
[-1.8196118 -1.4566566  4.5630317]
[-1.8197018 -1.456688   4.5632586]
[-1.8197218 -1.4565343  4.563289 ]
[-1.8196707 -1.4568824  4.5632043]
[-1.8196088 -1.4566671  4.5630326]
[-1.8196088 -1.4566655  4.563033 ]
[-1.8196669 -1.4568874  4.5631976]
[-1.8197007 -1.4566855  4.56326  ]
[-1.8196659 -1.4568884  4.5631967]
[-1.8196636 -1.456823   4.563186 ]
[-1.8197032 -1.4566554  4.563266 ]
[-1.8196636 -1.4568287  4.5631895]
[-1.8196636 -1.4568317  4.56319  ]
[-1.8196653 -1.4568868  4.5631995]
[-1.8196656 -1.456885   4.563201 ]
[-1.8196638 -1.4568311  4.5631914]
[-1.8196634 -1.4568099  4.563189 ]
[-1.819664  -1.4568208  4.5631914]
[-1.8196628 -1.4568353  4.56319  ]
[-1.8196629 -1.4568341  4.5631905]
[-1.8196628 -1.4568334  4.5631924]
[-1.819665  -1.4568944  4.563204 ]
[-1.8196629 -1.4568156  4.5631914]
[-1.8196629 -1.4568326  4.563194 ]
[-1.8196616 -1.4568274  4.563191 ]
[-1.8196623 -1.4568346  4.563193 ]
[-1.8196639 -1.4568993  4.5632024]
[-1.8196632 -1.4569013  4.563204 ]
[-1.8196601 -1.456825   4.563192 ]
[-1.8196604 -1.4568222  4.563193 ]
[-1.8196642 -1.4568974  4.5632095]
[-1.8196626 -1.4569021  4.563206 ]
[-1.8196601 -1.4568139  4.5631976]
[-1.8196601 -1.4568248  4.5631986]
[-1.819665  -1.4568882  4.563216 ]
[-1.8196629 -1.4568934  4.563214 ]
[-1.8196629 -1.4568934  4.563214 ]
[-1.8196616 -1.4568992  4.563211 ]
[-1.8196617 -1.4568987  4.5632143]
[-1.8196951 -1.4566531  4.563272 ]
[-1.819662  -1.4568917  4.5632186]
[-1.819661  -1.4569004  4.563217 ]
[-1.819664  -1.4568805  4.563224 ]
[-1.8196934 -1.4566483  4.5632725]
[-1.8196642 -1.4568728  4.563225 ]
[-1.819662  -1.4568894  4.563221 ]
[-1.8196636 -1.4568771  4.5632253]
[-1.8196604 -1.456898   4.5632195]
[-1.8196944 -1.4566406  4.563276 ]
[-1.8196614 -1.4568918  4.563222 ]
[-1.8196926 -1.4566543  4.5632734]
[-1.8196603 -1.4568281  4.563214 ]
[-1.8196603 -1.4568281  4.563214 ]
[-1.8196592 -1.4568214  4.563211 ]
[-1.8196597 -1.4568231  4.563212 ]
[-1.8196628 -1.4568561  4.5632234]
[-1.8196621 -1.4568882  4.5632243]
[-1.8196602 -1.4568609  4.563218 ]
[-1.8196591 -1.4569011  4.563219 ]
[-1.81966   -1.4568927  4.563222 ]
[-1.8196597 -1.4568267  4.5632153]
[-1.8196586 -1.4569004  4.5632195]
[-1.8196594 -1.4568948  4.563221 ]
[-1.8196596 -1.4568286  4.563216 ]
[-1.8196595 -1.4568279  4.5632176]
[-1.819671  -1.4567912  4.5632424]
[-1.8196576 -1.4569016  4.5632215]
[-1.819659  -1.4568608  4.563222 ]
[-1.819695  -1.4567115  4.563295 ]
[-1.8196579 -1.4568956  4.563223 ]
[-1.8196579 -1.4568956  4.563223 ]
[-1.819659  -1.4568297  4.5632205]
[-1.8196607 -1.4568784  4.5632286]
[-1.8196589 -1.4568315  4.5632205]
[-1.8196585 -1.456831   4.5632224]
[-1.8196578 -1.4568616  4.563224 ]
[-1.8196601 -1.4568565  4.56323  ]
[-1.8196539 -1.4569021  4.5632195]
[-1.8196553 -1.4568942  4.5632224]
[-1.8196652 -1.4568118  4.5632405]
[-1.8196566 -1.4568621  4.5632257]
[-1.8196694 -1.4567957  4.563251 ]
[-1.8196565 -1.4568626  4.5632296]
[-1.8196498 -1.456906   4.563218 ]
[-1.8196502 -1.4569042  4.5632195]
[-1.8197052 -1.456505   4.5633106]
[-1.8196476 -1.4569072  4.563218 ]
[-1.8196485 -1.4569035  4.563221 ]
[-1.8196471 -1.4568971  4.563218 ]
[-1.8196481 -1.4569018  4.563221 ]
[-1.8196476 -1.4569008  4.563221 ]
[-1.8196616 -1.456893   4.5632544]
[-1.8196474 -1.4569027  4.563221 ]
[-1.8196464 -1.4569103  4.5632195]
[-1.8196472 -1.456902   4.563222 ]
[-1.8196455 -1.4569076  4.56322  ]
[-1.8196459 -1.4569079  4.5632205]
[-1.8196453 -1.456908   4.5632215]
[-1.8196604 -1.456895   4.5632577]
[-1.8196452 -1.4568992  4.5632215]
[-1.8196574 -1.4568307  4.5632463]
[-1.8196604 -1.4568949  4.5632615]
[-1.8196683 -1.4568045  4.5632787]
[-1.8196583 -1.4568429  4.563266 ]
[-1.8196975 -1.456713   4.5633483]
[-1.819659  -1.4568523  4.5632696]
[-1.8196579 -1.4568518  4.563268 ]
[-1.8196579 -1.4568497  4.563268 ]
[-1.8196568 -1.4568336  4.5632687]
[-1.8196568 -1.4568356  4.56327  ]
[-1.8196564 -1.4568347  4.56327  ]
[-1.8196563 -1.4568375  4.563271 ]
[-1.8196564 -1.4568363  4.563271 ]
[-1.8196559 -1.4568526  4.563273 ]
[-1.8196592 -1.4568657  4.5632863]
[-1.8196553 -1.4568517  4.5632753]
[-1.8196743 -1.4567782  4.563315 ]
[-1.8196675 -1.4567993  4.5633025]
[-1.8196973 -1.456706   4.563369 ]
[-1.8196636 -1.4568051  4.563299 ]
[-1.8196987 -1.4566928  4.563372 ]
[-1.8196576 -1.4568418  4.5632896]
[-1.8196577 -1.4568671  4.5632935]
[-1.8196958 -1.4567015  4.5633693]
[-1.8196954 -1.4567072  4.5633698]
[-1.8196973 -1.4566894  4.563374 ]
[-1.819663  -1.4568661  4.5633125]
[-1.8196975 -1.4566834  4.563378 ]
[-1.8196975 -1.4566834  4.563378 ]
[-1.8196619 -1.4568783  4.5633125]
[-1.8196555 -1.4568149  4.563297 ]
[-1.8196913 -1.4567086  4.563373 ]
[-1.8196903 -1.4567088  4.563373 ]
[-1.8196554 -1.4568177  4.5633035]
[-1.819693  -1.4566842  4.5633802]
[-1.8196685 -1.4568945  4.563345 ]
[-1.8196846 -1.4567306  4.563369 ]
[-1.8196945 -1.4566652  4.563386 ]
[-1.8196924 -1.4566767  4.5633826]
[-1.8196552 -1.4568149  4.5633116]
[-1.8196863 -1.4567122  4.563376 ]
[-1.8196918 -1.4566653  4.563387 ]
[-1.81969   -1.4566776  4.5633855]
[-1.8196635 -1.4567859  4.563345 ]
[-1.8196572 -1.4568722  4.563345 ]
[-1.8196635 -1.456781   4.563353 ]
[-1.8196635 -1.456781   4.563353 ]
[-1.8196586 -1.4569198  4.5633554]
[-1.8196586 -1.4569166  4.563356 ]
[-1.8196571 -1.4568257  4.5633445]
[-1.8196465 -1.4569968  4.5633345]
[-1.8196589 -1.4569024  4.563359 ]
[-1.8196452 -1.4569923  4.563335 ]
[-1.8197002 -1.4565682  4.563424 ]
[-1.8197002 -1.4565682  4.563424 ]
[-1.819666  -1.4567666  4.563366 ]
[-1.8196648 -1.4567702  4.563368 ]
[-1.8196559 -1.4569004  4.5633597]
[-1.8196554 -1.4569001  4.5633593]
[-1.8196597 -1.456868   4.5633664]
[-1.8196415 -1.4569918  4.5633345]
[-1.8196568 -1.456884   4.5633626]
[-1.819707  -1.4565172  4.5634437]
[-1.8196393 -1.4569887  4.5633345]
[-1.8196367 -1.4569966  4.563332 ]
[-1.8196359 -1.4569981  4.5633307]
[-1.8196371 -1.456992   4.5633335]
[-1.8196387 -1.4569857  4.563337 ]
[-1.8196379 -1.4569877  4.563336 ]
[-1.819638  -1.4569865  4.5633373]
[-1.819649  -1.4569411  4.5633607]
[-1.8196572 -1.4568427  4.563374 ]
[-1.8196352 -1.4569907  4.563336 ]
[-1.8196553 -1.456812   4.56337  ]
[-1.8196391 -1.4569587  4.5633445]
[-1.819656  -1.4568092  4.5633736]
[-1.8196285 -1.4570062  4.563327 ]
[-1.8196586 -1.456775   4.563379 ]
[-1.819628  -1.4570057  4.563328 ]
[-1.8196739 -1.4566987  4.563409 ]
[-1.8196352 -1.4569848  4.563345 ]
[-1.8196363 -1.4569594  4.5633483]
[-1.819637  -1.456957   4.5633526]
[-1.8196554 -1.4568131  4.563384 ]
[-1.8196583 -1.4567968  4.56339  ]
[-1.8196583 -1.4567968  4.56339  ]
[-1.819655  -1.4568127  4.563385 ]
[-1.819655  -1.4568127  4.563385 ]
[-1.8196566 -1.456799   4.56339  ]
[-1.8196566 -1.456799   4.56339  ]
[-1.8196303 -1.4569938  4.563345 ]
[-1.8196303 -1.4569938  4.563345 ]
[-1.8196311 -1.456993   4.563347 ]
[-1.8196311 -1.456993   4.563347 ]
[-1.8196335 -1.4569623  4.5633507]
[-1.819629  -1.4569957  4.5633445]
[-1.819632  -1.4569855  4.5633516]
[-1.819632  -1.4569855  4.5633516]
[-1.819656  -1.4568003  4.563392 ]
[-1.819636  -1.4568697  4.5633516]
[-1.819635  -1.4568716  4.56335  ]
[-1.819631  -1.4569894  4.563352 ]
[-1.8196297 -1.4569905  4.563349 ]
[-1.8196359 -1.4568648  4.563353 ]
[-1.8196564 -1.456772   4.5633936]
[-1.8196363 -1.4568524  4.5633535]
[-1.8196344 -1.4568744  4.563351 ]
[-1.8196255 -1.457003   4.5633416]
[-1.8196311 -1.4569632  4.5633526]
[-1.819635  -1.4568675  4.5633535]
[-1.8196341 -1.456876   4.563352 ]
[-1.8196347 -1.4568715  4.563353 ]
[-1.8196341 -1.4568754  4.5633526]
[-1.8196572 -1.4567708  4.5633984]
[-1.8196566 -1.4567733  4.563398 ]
[-1.8196336 -1.4568726  4.563352 ]
[-1.8196561 -1.4567785  4.5633974]
[-1.8196561 -1.4567785  4.5633974]
[-1.8196353 -1.4568552  4.563355 ]
[-1.8196359 -1.4569291  4.563364 ]
[-1.8196621 -1.4567174  4.5634065]
[-1.819633 -1.456876  4.563353]
[-1.8196347 -1.4568605  4.5633564]
[-1.8196563 -1.4567701  4.5633993]
[-1.8196366 -1.4568547  4.563361 ]
[-1.8196607 -1.4567189  4.5634055]
[-1.8196323 -1.4568771  4.5633545]
[-1.8196348 -1.4569309  4.563366 ]
[-1.8196354 -1.4569259  4.5633674]
[-1.8196301 -1.4569622  4.5633574]
[-1.8196337 -1.4568602  4.563357 ]
[-1.81962   -1.4570056  4.5633373]
[-1.8196465 -1.4568036  4.563382 ]
[-1.8196557 -1.456774   4.563402 ]
[-1.8196211 -1.4570025  4.563341 ]
[-1.8196354 -1.4569031  4.5633674]
[-1.8196326 -1.456961   4.563366 ]
[-1.8196324 -1.4568609  4.5633564]
[-1.8196362 -1.4568932  4.563369 ]
[-1.8196315 -1.4568766  4.5633564]
[-1.8196332 -1.456859   4.5633593]
[-1.819631  -1.4568772  4.563356 ]
[-1.8196601 -1.4567168  4.563409 ]
[-1.8196185 -1.4570066  4.5633373]
[-1.8196275 -1.4569649  4.563356 ]
[-1.8196306 -1.4568782  4.563357 ]
[-1.8196305 -1.4568772  4.563357 ]
[-1.8196348 -1.4569033  4.5633707]
[-1.8196341 -1.4568985  4.5633698]
[-1.8196263 -1.4569649  4.563357 ]
[-1.819617  -1.4570069  4.5633383]
[-1.8196183 -1.4570038  4.5633416]
[-1.8196183 -1.4570038  4.5633416]
[-1.8196205 -1.4569997  4.5633464]
[-1.8196205 -1.4569997  4.5633464]
[-1.8196342 -1.456897   4.5633707]
[-1.8196332 -1.4568577  4.563365 ]
[-1.8196341 -1.4568958  4.5633707]
[-1.8196341 -1.4568958  4.5633707]
[-1.8196316 -1.4568689  4.5633616]
[-1.8196316 -1.4568689  4.5633616]
[-1.8196347 -1.4568948  4.563372 ]
[-1.8196295 -1.4568739  4.5633583]
[-1.8196299 -1.4568712  4.563359 ]
[-1.819633  -1.4568555  4.563365 ]
[-1.819633  -1.4568537  4.5633655]
[-1.819633  -1.4568537  4.5633655]
[-1.8196316 -1.4569468  4.563371 ]
[-1.8196299 -1.4568641  4.5633597]
[-1.8196434 -1.456794   4.563385 ]
[-1.8196404 -1.4568058  4.5633793]
[-1.8196309 -1.4568621  4.5633626]
[-1.8196287 -1.4568782  4.5633593]
[-1.8196198 -1.4570005  4.563349 ]
[-1.819641  -1.4568042  4.5633817]
[-1.8196253 -1.4569646  4.5633597]
[-1.8196299 -1.4568675  4.563362 ]
[-1.8196208 -1.4569964  4.563353 ]
[-1.8196311 -1.4569443  4.5633736]
[-1.819629  -1.4568657  4.5633616]
[-1.8196325 -1.4568937  4.5633736]
[-1.8196281 -1.4568714  4.563361 ]
[-1.8196263 -1.4569858  4.563367 ]
[-1.8196187 -1.4570011  4.5633497]
[-1.819631  -1.4568596  4.563367 ]
[-1.819631 -1.456858  4.563367]
[-1.8196256 -1.456963   4.563364 ]
[-1.8196198 -1.4569968  4.5633535]
[-1.819627  -1.4568803  4.5633607]
[-1.819627  -1.4568803  4.5633607]
[-1.8196236 -1.456967   4.5633607]
[-1.819628  -1.4568657  4.5633626]
[-1.8196309 -1.4568567  4.5633683]
[-1.8196336 -1.4569415  4.5633836]
[-1.8196393 -1.4568051  4.563384 ]
[-1.8196279 -1.4568671  4.563363 ]
[-1.8196282 -1.4568675  4.563364 ]
[-1.8196399 -1.4567864  4.563384 ]
[-1.8196285 -1.4568644  4.5633645]
[-1.8196641 -1.4566828  4.5634313]
[-1.8196265 -1.4568801  4.563362 ]
[-1.8196632 -1.456687   4.5634303]
[-1.8196459 -1.4567218  4.5633926]
[-1.8196348 -1.4568447  4.56338  ]
[-1.8196886 -1.4565402  4.5634727]
[-1.8196262 -1.4568797  4.563363 ]
[-1.8196262 -1.4568758  4.5633626]
[-1.8196223 -1.456968   4.5633616]
[-1.8196384 -1.4568076  4.5633855]
[-1.8196352 -1.4568409  4.5633817]
[-1.8196859 -1.4565493  4.5634694]
[-1.8196293 -1.4568576  4.5633693]
[-1.8196856 -1.4565501  4.5634694]
[-1.8196437 -1.456727   4.5633907]
[-1.8196286 -1.4568614  4.5633698]
[-1.8196247 -1.4568808  4.5633616]
[-1.8196225 -1.4569654  4.563365 ]
[-1.8196337 -1.4568431  4.5633807]
[-1.8196217 -1.4569905  4.5633655]
[-1.8196448 -1.4567194  4.563394 ]
[-1.8196214 -1.4569675  4.563364 ]
[-1.8196214 -1.4569675  4.563364 ]
[-1.8196437 -1.4567235  4.5633926]
[-1.8196214 -1.4569927  4.5633664]
[-1.8196884 -1.4565338  4.563477 ]
[-1.8196365 -1.4568104  4.5633855]
[-1.8196285 -1.4568582  4.5633717]
[-1.819628  -1.4568601  4.563371 ]
[-1.8196298 -1.456953   4.5633845]
[-1.8196325 -1.4568441  4.563382 ]
[-1.8196416 -1.4567491  4.563394 ]
[-1.819624  -1.4568814  4.563366 ]
[-1.8196255 -1.4568667  4.5633683]
[-1.8196583 -1.4566922  4.563429 ]
[-1.8196428 -1.4567237  4.563395 ]
[-1.8196274 -1.456861   4.563373 ]
[-1.819633  -1.4568399  4.5633845]
[-1.8196357 -1.4568098  4.5633883]
[-1.8196205 -1.4569676  4.563367 ]
[-1.819619  -1.4570017  4.5633664]
[-1.819619  -1.4570017  4.5633664]
[-1.81962   -1.4569929  4.563369 ]
[-1.8196412 -1.4567474  4.5633955]
[-1.8196292 -1.4569408  4.5633864]
[-1.8196312 -1.4568452  4.563382 ]
[-1.8196558 -1.4566983  4.5634255]
[-1.8196187 -1.4570005  4.5633674]
[-1.8196262 -1.4568586  4.563372 ]
[-1.819623  -1.4568816  4.563367 ]
[-1.819623  -1.4568816  4.563367 ]
[-1.8196177 -1.4570088  4.5633664]
[-1.8196185 -1.4569966  4.563367 ]
[-1.8196694 -1.4566374  4.5634527]
[-1.8196409 -1.4567466  4.563397 ]
[-1.8196225 -1.4568803  4.563368 ]
[-1.8196244 -1.4568636  4.5633707]
[-1.8196222 -1.4568835  4.563368 ]
[-1.819622 -1.456882  4.563368]
[-1.819622 -1.456882  4.563368]
[-1.8196188 -1.4569691  4.5633683]
[-1.8196174 -1.4570048  4.5633683]
[-1.8196586 -1.4566594  4.5634317]
[-1.8196552 -1.4566953  4.5634284]
[-1.8196187 -1.4569939  4.5633707]
[-1.8196174 -1.4570024  4.563369 ]
[-1.8196176 -1.4569992  4.5633698]
[-1.8196235 -1.456866   4.5633717]
[-1.8196179 -1.4569966  4.5633707]
[-1.8196212 -1.4568808  4.5633683]
[-1.8196214 -1.4568827  4.5633693]
[-1.8196176 -1.4569693  4.5633683]
[-1.8196346 -1.4568037  4.563393 ]
[-1.8196183 -1.4569932  4.5633726]
[-1.8196349 -1.4568411  4.5633984]
[-1.8196405 -1.4567307  4.5634   ]
[-1.819618  -1.4569685  4.5633707]
[-1.8196207 -1.4568834  4.5633693]
[-1.8196348 -1.4567912  4.563394 ]
[-1.8196383 -1.4567449  4.563399 ]
[-1.8196383 -1.4567449  4.563399 ]
[-1.8196162 -1.4569705  4.5633683]
[-1.8196416 -1.4567287  4.563405 ]
[-1.8196205 -1.4568824  4.563371 ]
[-1.8196158 -1.457001   4.5633707]
[-1.8196203 -1.4568844  4.563371 ]
[-1.8196203 -1.4568794  4.5633707]
[-1.8196168 -1.456969   4.5633707]
[-1.8196168 -1.456969   4.5633707]
[-1.8196788 -1.4565663  4.563476 ]
[-1.81962  -1.456881  4.563371]
[-1.8196393 -1.4567335  4.5634027]
[-1.8196205 -1.4568766  4.5633726]
[-1.8196205 -1.4568766  4.5633726]
[-1.8196331 -1.4567981  4.563395 ]
[-1.8196304 -1.4568218  4.563391 ]
[-1.8196206 -1.4568708  4.563373 ]
[-1.8196412 -1.4567251  4.563407 ]
[-1.8196211 -1.4568591  4.563373 ]
[-1.8196334 -1.4567993  4.563396 ]
[-1.8196769 -1.4565763  4.5634756]
[-1.8196769 -1.4565763  4.5634756]
[-1.8196207 -1.4568577  4.563374 ]
[-1.81963   -1.4568195  4.5633926]
[-1.8196201 -1.4568628  4.5633736]
[-1.8196316 -1.456805   4.5633955]
[-1.8196151 -1.4569706  4.5633726]
[-1.8196768 -1.4565785  4.5634785]
[-1.8196287 -1.4568117  4.5633907]
[-1.8196139 -1.4569718  4.5633707]
[-1.8196795 -1.4565586  4.563483 ]
[-1.8196795 -1.4565586  4.563483 ]
[-1.8196288 -1.4568099  4.563392 ]
[-1.8196318 -1.4568025  4.563399 ]
[-1.819615 -1.456969  4.563375]
[-1.8196169 -1.4569967  4.5633826]
[-1.8196295 -1.4568086  4.563395 ]
[-1.819614  -1.45697    4.5633736]
[-1.819614  -1.4569713  4.563375 ]
[-1.8196164 -1.4570031  4.5633836]
[-1.819638  -1.4567332  4.563409 ]
[-1.8196362 -1.4567369  4.563405 ]
[-1.819645  -1.4567113  4.563423 ]
[-1.8196627 -1.4566011  4.5634527]
[-1.8196381 -1.4567318  4.56341  ]
[-1.8196381 -1.4567318  4.56341  ]
[-1.8196275 -1.456827   4.563395 ]
[-1.8196278 -1.4568255  4.563396 ]
[-1.819631  -1.4568032  4.563402 ]
[-1.8196338 -1.4567903  4.563408 ]
[-1.8196439 -1.4567126  4.563423 ]
[-1.8196398 -1.4567263  4.5634155]
[-1.8196149 -1.457009   4.563384 ]
[-1.8196329 -1.4567918  4.5634065]
[-1.8196313 -1.4568014  4.5634036]
[-1.8196276 -1.456815   4.563397 ]
[-1.8196515 -1.4566755  4.5634394]
[-1.8196571 -1.4566181  4.563445 ]
[-1.81965  -1.456677  4.563437]
[-1.819637  -1.4567302  4.5634117]
[-1.8196288 -1.456806   4.563401 ]
[-1.8196118 -1.456973   4.563377 ]
[-1.8196435 -1.4567121  4.5634265]
[-1.8196421 -1.4567183  4.5634236]
[-1.8196421 -1.4567183  4.5634236]
[-1.8196254 -1.4568193  4.563395 ]
[-1.8196347 -1.4567372  4.563409 ]
[-1.8196449 -1.4567103  4.5634313]
[-1.8196826 -1.4565297  4.563499 ]
[-1.8196424 -1.4567143  4.563427 ]
[-1.8196313 -1.4567903  4.5634093]
[-1.8196329 -1.456753   4.563409 ]
[-1.8196256 -1.4568177  4.5634   ]
[-1.8196269 -1.456811   4.5634017]
[-1.8196623 -1.4565967  4.5634613]
[-1.8196623 -1.4565967  4.5634613]
[-1.8196331 -1.4567525  4.5634108]
[-1.819625  -1.4568199  4.563399 ]
[-1.8196262 -1.4568154  4.5634017]
[-1.8196555 -1.4566165  4.563449 ]
[-1.819648  -1.4566965  4.5634413]
[-1.8196356 -1.4567292  4.5634155]
[-1.8196325 -1.4567865  4.563415 ]
[-1.8196353 -1.4567336  4.5634155]
[-1.819625  -1.4568641  4.5634055]
[-1.8196317 -1.4567872  4.563413 ]
[-1.8196317 -1.4567873  4.563413 ]
[-1.8196099 -1.456973   4.5633793]
[-1.8196307 -1.456933   4.5634265]
[-1.8196324 -1.4567394  4.56341  ]
[-1.8196357 -1.4567741  4.5634217]
[-1.8196481 -1.4566754  4.5634403]
[-1.8196336 -1.4567823  4.5634184]
[-1.8196508 -1.4566528  4.5634446]
[-1.8196088 -1.4569756  4.5633793]
[-1.8196454 -1.456712   4.5634403]
[-1.819642  -1.4567176  4.563432 ]
[-1.8196346 -1.4567773  4.563422 ]
[-1.8196346 -1.4567773  4.563422 ]
[-1.8196154 -1.457006   4.5634   ]
[-1.8196275 -1.4568577  4.563416 ]
[-1.8196293 -1.4567903  4.563413 ]
[-1.8196421 -1.4567173  4.5634356]
[-1.819634 -1.456728  4.563418]
[-1.8196234 -1.456868   4.5634084]
[-1.8196306 -1.4567379  4.5634117]
[-1.8196076 -1.4569752  4.563381 ]
[-1.8196295 -1.4569265  4.5634303]
[-1.8196286 -1.4567567  4.56341  ]
[-1.8196511 -1.4566561  4.5634537]
[-1.8196324 -1.4567299  4.5634174]
[-1.819629  -1.4569237  4.5634303]
[-1.8196281 -1.4567554  4.5634108]
[-1.819614  -1.4570084  4.563402 ]
[-1.8196303 -1.456737   4.563414 ]
[-1.819614  -1.4570084  4.563402 ]
[-1.819654  -1.4566063  4.5634556]
[-1.8196794 -1.4565326  4.5635076]
[-1.8196294 -1.4567361  4.563415 ]
[-1.8196466 -1.4566724  4.563449 ]
[-1.8196595 -1.4565959  4.56347  ]
[-1.8196532 -1.4566214  4.563459 ]
[-1.8196286 -1.4567373  4.563415 ]
[-1.8196527 -1.4566094  4.5634565]
[-1.8196304 -1.456729   4.5634184]
[-1.8196316 -1.4568131  4.5634313]
[-1.8196288 -1.4569122  4.563435 ]
[-1.8196292 -1.4567353  4.563417 ]
[-1.819624  -1.4568629  4.563419 ]
[-1.8196526 -1.4566077  4.5634575]
[-1.8196231 -1.4568877  4.56342  ]
[-1.8196452 -1.4566766  4.56345  ]
[-1.819624  -1.4568685  4.5634212]
[-1.8196286 -1.4567409  4.563418 ]
[-1.8196288 -1.4567319  4.563418 ]
[-1.8196572 -1.4565995  4.5634704]
[-1.8196228 -1.456873   4.56342  ]
[-1.8196547 -1.456602   4.5634656]
[-1.8196547 -1.456602   4.5634656]
[-1.8196489 -1.4566565  4.563459 ]
[-1.8196226 -1.4568892  4.5634227]
[-1.8196226 -1.4568892  4.5634227]
[-1.8196512 -1.4566104  4.563461 ]
[-1.8196293 -1.4568098  4.563433 ]
[-1.8196225 -1.4568747  4.5634246]
[-1.8196771 -1.4567925  4.5635486]
[-1.8196495 -1.4566159  4.5634594]
[-1.8196219 -1.4568868  4.5634255]
[-1.819622  -1.4568914  4.5634274]
[-1.8196219 -1.4568907  4.5634294]
[-1.8196288 -1.4567579  4.5634313]
[-1.8196515 -1.456654   4.5634737]
[-1.8196285 -1.456757   4.5634313]
[-1.8196234 -1.4568826  4.563432 ]
[-1.8196224 -1.4568763  4.56343  ]
[-1.819622  -1.4568894  4.5634313]
[-1.8196219 -1.4568906  4.563431 ]
[-1.819652  -1.4566064  4.563471 ]
[-1.8196292 -1.4567417  4.5634336]
[-1.8196243 -1.4568754  4.563437 ]
[-1.8196224 -1.4568788  4.5634336]
[-1.8196508 -1.456653   4.563478 ]
[-1.8196758 -1.4565355  4.5635223]
[-1.8196207 -1.4568883  4.563434 ]
[-1.819649  -1.4566537  4.5634756]
[-1.8196241 -1.4568733  4.5634418]
[-1.8196212 -1.4568923  4.563437 ]
[-1.8196473 -1.4566153  4.5634675]
[-1.8196733 -1.456539   4.563521 ]
[-1.8196343 -1.4567361  4.5634556]
[-1.8196472 -1.4566149  4.563471 ]
[-1.8196337 -1.456738   4.5634546]
[-1.8196466 -1.456655   4.563476 ]
[-1.8196366 -1.4567338  4.563462 ]
[-1.8196462 -1.4566185  4.563471 ]
[-1.8196205 -1.4568897  4.563441 ]
[-1.8196301 -1.4568166  4.5634565]
[-1.8196204 -1.456894   4.5634413]
[-1.8196205 -1.4568932  4.563442 ]
[-1.8196204 -1.4568933  4.563444 ]
[-1.8196467 -1.4566164  4.5634756]
[-1.8196304 -1.4568081  4.5634604]
[-1.8196317 -1.456744   4.5634565]
[-1.8196323 -1.4567428  4.5634584]
[-1.8196456 -1.456621   4.563475 ]
[-1.8196375 -1.4567249  4.5634694]
[-1.819666  -1.4565679  4.5635176]
[-1.819666  -1.4565679  4.5635176]
[-1.8196319 -1.4567964  4.563465 ]
[-1.8196319 -1.4567964  4.563465 ]
[-1.8196309 -1.4569591  4.563479 ]
[-1.819623  -1.4568694  4.563452 ]
[-1.8196504 -1.4568652  4.563518 ]
[-1.819632  -1.4567497  4.5634604]
[-1.8196353 -1.4567357  4.5634685]
[-1.8196207 -1.4568832  4.563451 ]
[-1.819632  -1.4567436  4.563463 ]
[-1.8196465 -1.4566203  4.563483 ]
[-1.8196206 -1.4568759  4.5634513]
[-1.8196665 -1.4565552  4.563527 ]
[-1.8196665 -1.4565552  4.563527 ]
[-1.8196478 -1.4566237  4.563492 ]
[-1.8196478 -1.4566237  4.563492 ]
[-1.8196325 -1.4567478  4.563472 ]
[-1.8196324 -1.4567636  4.563478 ]
[-1.8196208 -1.4568712  4.563463 ]
[-1.8196317 -1.4567684  4.563478 ]
[-1.819651  -1.4568772  4.563537 ]
[-1.8196511 -1.456853   4.5635357]
[-1.81962   -1.4568756  4.5634627]
[-1.8196204 -1.4568722  4.5634637]
[-1.819651  -1.4568555  4.5635366]
[-1.8196505 -1.4568566  4.5635366]
[-1.8196509 -1.4568546  4.563538 ]
[-1.8196566 -1.4565954  4.563521 ]
[-1.8196312 -1.4567707  4.5634823]
[-1.8196478 -1.4569347  4.56354  ]
[-1.8196552 -1.4568956  4.563555 ]
[-1.8196511 -1.4568532  4.5635405]
[-1.8196511 -1.4568532  4.5635405]
[-1.8196305 -1.4567643  4.5634813]
[-1.8196666 -1.456544   4.5635395]
[-1.8196311 -1.4567595  4.5634828]
[-1.8196476 -1.4569334  4.563542 ]
[-1.8196567 -1.4565923  4.5635247]
[-1.8196433 -1.4566926  4.5635056]
[-1.8196507 -1.4568826  4.5635467]
[-1.8196511 -1.4568809  4.563548 ]
[-1.8196337 -1.4567515  4.563492 ]
[-1.819634  -1.4567486  4.5634937]
[-1.8196552 -1.4565978  4.563525 ]
[-1.8196422 -1.4566929  4.5635076]
[-1.8196498 -1.4568869  4.5635486]
[-1.8196552 -1.4566001  4.563527 ]
[-1.8196505 -1.4566233  4.5635195]
[-1.8196524 -1.4568712  4.5635552]
[-1.8196517 -1.4568735  4.5635543]
[-1.819631  -1.4567564  4.5634947]
[-1.8196412 -1.4567013  4.5635138]
[-1.8196503 -1.4569244  4.563561 ]
[-1.819651  -1.4568634  4.563557 ]
[-1.8196306 -1.4567574  4.5634966]
[-1.8196481 -1.4566258  4.5635223]
[-1.8196487 -1.456636   4.563525 ]
[-1.819641  -1.4567126  4.563517 ]
[-1.8196416 -1.4567025  4.5635176]
[-1.8196496 -1.4568626  4.5635576]
[-1.8196414 -1.456711   4.563521 ]
[-1.8196455 -1.456934   4.563556 ]
[-1.8196447 -1.4569384  4.563555 ]
[-1.8196324 -1.4567497  4.5635047]
[-1.8196491 -1.4568847  4.563561 ]
[-1.8196467 -1.4569308  4.5635595]
[-1.8196322 -1.4567479  4.5635047]
[-1.8196454 -1.4569331  4.5635576]
[-1.8196446 -1.4569368  4.5635567]
[-1.8196441 -1.4569404  4.563556 ]
[-1.8196447 -1.4569346  4.563558 ]
[-1.8196452 -1.4569316  4.563559 ]
[-1.8196539 -1.4565703  4.5635366]
[-1.8196313 -1.4567496  4.5635056]
[-1.8196497 -1.4568756  4.563565 ]
[-1.8196486 -1.456911   4.563566 ]
[-1.8196434 -1.4569365  4.5635576]
[-1.8196498 -1.4568746  4.5635676]
[-1.8196492 -1.456642   4.5635386]
[-1.8196303 -1.4567497  4.563509 ]
[-1.8196559 -1.4566182  4.563555 ]
[-1.8196399 -1.456943   4.5635552]
[-1.8196491 -1.4568752  4.563571 ]
[-1.8196492 -1.4568802  4.5635715]
[-1.8196391 -1.456946   4.563554 ]
[-1.8196541 -1.4565707  4.5635476]
[-1.8196512 -1.4566325  4.56355  ]
[-1.8196526 -1.4565716  4.5635443]
[-1.8196485 -1.4568797  4.5635734]
[-1.8196582 -1.4568619  4.5635953]
[-1.8196485 -1.4568764  4.5635734]
[-1.8196485 -1.4568764  4.5635734]
[-1.8196381 -1.4569435  4.5635552]
[-1.8196484 -1.4568837  4.563575 ]
[-1.8196484 -1.4566427  4.563546 ]
[-1.8196455 -1.456907   4.5635715]
[-1.8196384 -1.4569416  4.5635576]
[-1.8196386 -1.4569355  4.5635605]
[-1.8196374 -1.4569365  4.5635595]
[-1.8196478 -1.4569061  4.5635824]
[-1.8196354 -1.4569459  4.5635576]
[-1.8196348 -1.4569488  4.563557 ]
[-1.8196361 -1.4569395  4.5635605]
[-1.819648  -1.4566443  4.5635567]
[-1.8196468 -1.4569099  4.5635853]
[-1.819634  -1.4569478  4.563559 ]
[-1.8196834 -1.4567323  4.5636554]
[-1.819635 -1.45694   4.563561]
[-1.8196486 -1.4566392  4.563559 ]
[-1.8196481 -1.456641   4.563558 ]
[-1.8196336 -1.4569467  4.5635595]
[-1.8196346 -1.4569415  4.563563 ]
[-1.819648  -1.4566406  4.5635605]
[-1.819648  -1.456639   4.5635624]
[-1.8196824 -1.4567327  4.5636587]
[-1.8196474 -1.4566418  4.5635633]
[-1.8196783 -1.4568061  4.563659 ]
[-1.8196479 -1.4568857  4.5636015]
[-1.8196485 -1.4568839  4.5636034]
[-1.8196597 -1.4568617  4.56363  ]
[-1.8196653 -1.456845   4.563644 ]
[-1.8196491 -1.4568818  4.56361  ]
[-1.8196498 -1.4569113  4.563616 ]
[-1.8196477 -1.4568961  4.5636106]
[-1.8196477 -1.4568961  4.5636106]
[-1.8196485 -1.4568845  4.5636115]
[-1.8196474 -1.4568936  4.5636134]
[-1.8197091 -1.4566892  4.5637393]
[-1.8196485 -1.4568888  4.5636163]
[-1.8196486 -1.456884   4.5636177]
[-1.8196486 -1.456884   4.5636177]
[-1.8196474 -1.4568958  4.563617 ]
[-1.8196484 -1.4568815  4.563621 ]
[-1.8196487 -1.4568787  4.563622 ]
[-1.8196487 -1.4568787  4.563622 ]
[-1.8196478 -1.4568883  4.563622 ]
[-1.8196481 -1.4568822  4.5636234]
[-1.8196912 -1.456777   4.563717 ]
[-1.8196601 -1.4568576  4.563652 ]
[-1.8196917 -1.456771   4.563719 ]
[-1.819667  -1.4568384  4.5636673]
[-1.8196899 -1.4567802  4.563717 ]
[-1.81969   -1.456778   4.5637183]
[-1.8196903 -1.4567754  4.5637193]
[-1.8196888 -1.4567789  4.56372  ]
[-1.8196573 -1.4568592  4.5636563]
[-1.8196573 -1.4568592  4.5636563]
[-1.8196933 -1.4567556  4.5637345]
[-1.8197203 -1.4566445  4.5637884]
[-1.8196776 -1.4568095  4.5637064]
[-1.8196284 -1.4570761  4.563619 ]
[-1.8196914 -1.456748   4.56374  ]
[-1.8196914 -1.456748   4.56374  ]
[-1.8196627 -1.4568385  4.5636816]
[-1.8196297 -1.457062   4.563625 ]
[-1.819658  -1.4568536  4.5636744]
[-1.819658  -1.4568536  4.5636744]
[-1.8196297 -1.4570545  4.5636296]
[-1.8196286 -1.4570506  4.5636306]
[-1.8196877 -1.4567559  4.5637445]
[-1.8196503 -1.4568783  4.5636697]
[-1.8196949 -1.4567244  4.5637603]
[-1.8196502 -1.4568808  4.56367  ]
[-1.8196892 -1.456746   4.5637493]
[-1.8197119 -1.4566575  4.5637956]
[-1.8196496 -1.4568784  4.5636716]
[-1.8196815 -1.456775   4.56374  ]
[-1.8196594 -1.4568458  4.563695 ]
[-1.8196571 -1.4568557  4.5636916]
[-1.8196571 -1.4568557  4.5636916]
[-1.8196929 -1.4567251  4.563764 ]
[-1.8196524 -1.4569157  4.5636883]
[-1.819651  -1.4569155  4.56369  ]
[-1.8196397 -1.4569674  4.5636687]
[-1.8196948 -1.4567096  4.5637784]
[-1.819638  -1.4569768  4.5636716]
[-1.819638  -1.4569768  4.5636716]
[-1.8196282 -1.4569969  4.5636597]
[-1.8196135 -1.457073   4.5636334]
[-1.8196479 -1.4568982  4.563704 ]
[-1.8196169 -1.4570485  4.563646 ]
[-1.819652  -1.4568706  4.5637136]
[-1.819653  -1.4568661  4.563719 ]
[-1.8196573 -1.4568393  4.563728 ]
[-1.8196528 -1.4568565  4.5637193]
[-1.8196521 -1.4568624  4.563718 ]
[-1.8196527 -1.4568657  4.563721 ]
[-1.8196511 -1.4568704  4.563719 ]
[-1.819652  -1.4568617  4.56372  ]
[-1.8196384 -1.4569141  4.5636935]
[-1.8196299 -1.4569776  4.5636797]
[-1.819674  -1.4567788  4.563765 ]
[-1.8196523 -1.4568676  4.563723 ]
[-1.819652  -1.4568607  4.5637217]
[-1.8196543 -1.4568468  4.563726 ]
[-1.8196514 -1.4568715  4.563723 ]
[-1.8196515 -1.4568694  4.563725 ]
[-1.8196342 -1.4569184  4.5636888]
[-1.8196342 -1.4569184  4.5636888]
[-1.8196509 -1.4568703  4.5637245]
[-1.8196174 -1.4570192  4.56366  ]
[-1.8196313 -1.4569523  4.5636883]
[-1.819653  -1.4568597  4.5637302]
[-1.8196285 -1.456975   4.5636835]
[-1.8196295 -1.4569674  4.5636864]
[-1.8196334 -1.456915   4.563691 ]
[-1.8196331 -1.4569182  4.5636907]
[-1.8196511 -1.4568682  4.5637293]
[-1.8196527 -1.4568624  4.563733 ]
[-1.8196273 -1.4569801  4.5636845]
[-1.8196313 -1.4569234  4.563689 ]
[-1.8196522 -1.4568604  4.563734 ]
[-1.8196303 -1.4569504  4.5636907]
[-1.8196114 -1.4570338  4.5636535]
[-1.8196548 -1.456844   4.5637393]
[-1.8196344 -1.4569044  4.563697 ]
[-1.8196318 -1.45692    4.5636926]
[-1.8196634 -1.4568136  4.563758 ]
[-1.8196311 -1.4569192  4.563691 ]
[-1.8196276 -1.4569696  4.5636883]
[-1.8196276 -1.4569696  4.5636883]
[-1.8196306 -1.4569223  4.5636907]
[-1.8196318 -1.4569428  4.563696 ]
[-1.8196334 -1.4569063  4.5636973]
[-1.8196317 -1.4569304  4.5636983]
[-1.8196269 -1.4569817  4.5636935]
[-1.8196249 -1.4569821  4.5636888]
[-1.8196613 -1.4568079  4.5637593]
[-1.8196305 -1.456942   4.5636992]
[-1.8196318 -1.4569114  4.5636997]
[-1.8196291 -1.4569244  4.563695 ]
[-1.8196548 -1.4568425  4.563749 ]
[-1.8196284 -1.4569252  4.5636945]
[-1.8196306 -1.4569385  4.563701 ]
[-1.8196499 -1.4568572  4.5637393]
[-1.8196273 -1.4569794  4.563698 ]
[-1.8196307 -1.4569352  4.563703 ]
[-1.819664  -1.4567937  4.5637674]
[-1.8196282 -1.4569244  4.5636964]
[-1.8196284 -1.4569222  4.563698 ]
[-1.8196276 -1.4569259  4.5636964]
[-1.8196276 -1.4569259  4.5636964]
[-1.8196177 -1.4569999  4.56368  ]
[-1.819629  -1.4569205  4.5636997]
[-1.819629  -1.4569205  4.5636997]
[-1.8196286 -1.4569227  4.5637   ]
[-1.8196454 -1.456864   4.563734 ]
[-1.8196292 -1.4569192  4.563701 ]
[-1.8196657 -1.4567895  4.563775 ]
[-1.8196385 -1.4568937  4.5637226]
[-1.8196272 -1.4569254  4.5636983]
[-1.8196435 -1.4568658  4.5637317]
[-1.8196274 -1.4569473  4.563702 ]
[-1.8196565 -1.456825   4.5637593]
[-1.8196439 -1.4568647  4.563733 ]
[-1.8196152 -1.4570215  4.56368  ]
[-1.819628  -1.4569192  4.5637026]
[-1.8196462 -1.4568532  4.5637403]
[-1.8196383 -1.4568919  4.563726 ]
[-1.8196282 -1.4569173  4.563705 ]
[-1.8196554 -1.4568082  4.5637608]
[-1.8196408 -1.4568703  4.5637326]
[-1.8196361 -1.4568952  4.5637245]
[-1.8196361 -1.4568952  4.5637245]
[-1.8196361 -1.4568952  4.5637245]
[-1.8196251 -1.4569275  4.563702 ]
[-1.8196355 -1.4568968  4.563724 ]
[-1.8196263 -1.456923   4.5637064]
[-1.8196344 -1.4568992  4.5637236]
[-1.8196344 -1.4568992  4.5637236]
[-1.8196536 -1.4568092  4.5637603]
[-1.8196243 -1.4569744  4.5637083]
[-1.8196291 -1.4569128  4.5637136]
[-1.8196244 -1.4569279  4.563704 ]
[-1.8196268 -1.456917   4.5637107]
[-1.8196368 -1.4568783  4.56373  ]
[-1.8196366 -1.4568751  4.5637302]
[-1.8196341 -1.4568979  4.5637264]
[-1.8196341 -1.4568979  4.5637264]
[-1.8196504 -1.4568163  4.563757 ]
[-1.8196259 -1.4569178  4.56371  ]
[-1.8196229 -1.4569306  4.563704 ]
[-1.8196344 -1.4568967  4.563729 ]
[-1.8196261 -1.4569219  4.563712 ]
[-1.8196533 -1.4568027  4.5637636]
[-1.8196527 -1.4568045  4.563763 ]
[-1.8196267 -1.4569148  4.563714 ]
[-1.819651  -1.4568087  4.5637603]
[-1.8196478 -1.4568273  4.5637546]
[-1.8196478 -1.4568273  4.5637546]
[-1.8196797 -1.4567238  4.5638194]
[-1.8196787 -1.4567231  4.5638175]
[-1.8196257 -1.4569218  4.5637136]
[-1.8196355 -1.4568775  4.5637326]
[-1.8196232 -1.4569273  4.5637083]
[-1.819635  -1.4568788  4.5637317]
[-1.819635  -1.4568751  4.5637317]
[-1.8196847 -1.4567059  4.5638313]
[-1.8196472 -1.4568304  4.5637565]
[-1.8196353 -1.4568955  4.563735 ]
[-1.8196274 -1.4569116  4.563718 ]
[-1.8196523 -1.4567981  4.563765 ]
[-1.819625  -1.4569219  4.5637145]
[-1.819625  -1.4569219  4.5637145]
[-1.8196508 -1.4568008  4.563763 ]
[-1.8196101 -1.4570396  4.5636907]
[-1.8196229 -1.4569274  4.563711 ]
[-1.8196441 -1.4568393  4.563753 ]
[-1.8196346 -1.4568754  4.5637336]
[-1.8196511 -1.4567989  4.563765 ]
[-1.8196478 -1.4568132  4.5637593]
[-1.8196211 -1.4569315  4.563709 ]
[-1.8196471 -1.4568208  4.56376  ]
[-1.8196486 -1.4568108  4.5637627]
[-1.8196479 -1.4568154  4.5637617]
[-1.8196492 -1.4568063  4.563764 ]
[-1.8196465 -1.4568256  4.5637603]
[-1.8196465 -1.4568256  4.5637603]
[-1.8196833 -1.4567052  4.563834 ]
[-1.8196495 -1.4568024  4.5637655]
[-1.8196477 -1.4568189  4.5637636]
[-1.8196332 -1.4568776  4.563735 ]
[-1.8196254 -1.4569108  4.5637207]
[-1.8196216 -1.4569272  4.563713 ]
[-1.8196216 -1.4569272  4.563713 ]
[-1.8196491 -1.4568038  4.5637665]
[-1.8196335 -1.4568796  4.563738 ]
[-1.8196907 -1.4566787  4.5638514]
[-1.8196467 -1.4568199  4.5637636]
[-1.8196476 -1.4568132  4.5637646]
[-1.8196476 -1.4568132  4.5637646]
[-1.8196497 -1.4568019  4.5637684]
[-1.8196471 -1.456818   4.5637646]
[-1.8196471 -1.456818   4.5637646]
[-1.8196473 -1.4568156  4.5637655]
[-1.8196459 -1.4568201  4.563763 ]
[-1.8196647 -1.4567599  4.563801 ]
[-1.8196326 -1.4568906  4.56374  ]
[-1.81965   -1.4567999  4.5637712]
[-1.81965   -1.4567999  4.5637712]
[-1.8196483 -1.4568068  4.5637684]
[-1.8196387 -1.456851   4.5637503]
[-1.8196402 -1.4568489  4.5637536]
[-1.8196952 -1.4566572  4.563863 ]
[-1.8196406 -1.4568474  4.563756 ]
[-1.819632  -1.4568841  4.5637403]
[-1.8196229 -1.4569117  4.563721 ]
[-1.8196222 -1.4569135  4.56372  ]
[-1.819637  -1.4568558  4.5637503]
[-1.8196329 -1.4568746  4.563743 ]
[-1.8196383 -1.4568515  4.5637536]
[-1.8196387 -1.4568502  4.5637546]
[-1.8196621 -1.4567637  4.563801 ]
[-1.819622  -1.4569125  4.5637217]
[-1.819687  -1.4566845  4.5638504]
[-1.8196218 -1.4569149  4.5637217]
[-1.8196902 -1.4566741  4.563857 ]
[-1.8196363 -1.4568574  4.563751 ]
[-1.8196447 -1.4568187  4.563768 ]
[-1.8196802 -1.4567051  4.5638394]
[-1.8196217 -1.4569134  4.563723 ]
[-1.8196298 -1.4568782  4.563739 ]
[-1.8196298 -1.4568782  4.563739 ]
[-1.8196404 -1.4568454  4.563761 ]
[-1.8196454 -1.4568354  4.563772 ]
[-1.8196701 -1.4567364  4.56382  ]
[-1.8196495 -1.4568014  4.563778 ]
[-1.8196828 -1.4566995  4.5638456]
[-1.8196617 -1.4567617  4.5638027]
[-1.8196374 -1.4568541  4.563756 ]
[-1.8196445 -1.4568188  4.5637684]
[-1.8196445 -1.4568188  4.5637684]
[-1.8196822 -1.4566989  4.5638447]
[-1.819646 -1.456811  4.563772]
[-1.8196387 -1.4568512  4.56376  ]
[-1.8196362 -1.4568554  4.563754 ]
[-1.8196214 -1.456931   4.563728 ]
[-1.8196386 -1.4568478  4.5637603]
[-1.8196888 -1.4566779  4.56386  ]
[-1.8196414 -1.4568429  4.5637665]
[-1.8196785 -1.4567014  4.563839 ]
[-1.8196785 -1.4567014  4.563839 ]
[-1.8196486 -1.4568034  4.56378  ]
[-1.819668  -1.4567397  4.5638185]
[-1.8196273 -1.4569154  4.5637417]
[-1.8196477 -1.4568058  4.563779 ]
[-1.8196477 -1.4568058  4.563779 ]
[-1.8196353 -1.4568576  4.563755 ]
[-1.8196338 -1.456868   4.563753 ]
[-1.8196338 -1.456868   4.563753 ]
[-1.8196446 -1.4568108  4.563773 ]
[-1.8196403 -1.4568462  4.563767 ]
[-1.8196346 -1.4568589  4.563755 ]
[-1.8196442 -1.4568137  4.563773 ]
[-1.8196427 -1.4568192  4.5637712]
[-1.819658  -1.45677    4.5638022]
[-1.8196472 -1.4568058  4.5637803]
[-1.8196571 -1.4567721  4.5638003]
[-1.819653  -1.4567922  4.5637937]
[-1.8196418 -1.4568251  4.5637712]
[-1.8196416 -1.4568249  4.563771 ]
[-1.8196254 -1.4569668  4.5637474]
[-1.8196416 -1.4568229  4.5637712]
[-1.8196537 -1.4567904  4.5637965]
[-1.8196464 -1.4568083  4.5637817]
[-1.8196919 -1.456654   4.563871 ]
[-1.8196559 -1.4567736  4.563801 ]
[-1.8196758 -1.4567028  4.56384  ]
[-1.819642  -1.4568213  4.5637736]
[-1.819642  -1.4568213  4.5637736]
[-1.8196621 -1.4567523  4.563813 ]
[-1.8196423 -1.4568179  4.563775 ]
[-1.8196423 -1.4568179  4.563775 ]
[-1.8196754 -1.456705   4.5638404]
[-1.8196781 -1.4566984  4.563846 ]
[-1.8196566 -1.4567876  4.5638065]
[-1.8196278 -1.4569129  4.5637517]
[-1.8196349 -1.4568688  4.563765 ]
[-1.8196561 -1.4567726  4.5638046]
[-1.8196231 -1.4569244  4.563743 ]
[-1.8196452 -1.4568052  4.563782 ]
[-1.8196313 -1.4568756  4.563758 ]
[-1.8196545 -1.456776   4.563802 ]
[-1.8196323 -1.45687    4.56376  ]
[-1.8196524 -1.4567914  4.563799 ]
[-1.8196548 -1.4567752  4.563803 ]
[-1.8196247 -1.4569192  4.5637474]
[-1.8196515 -1.4567931  4.563799 ]
[-1.8196657 -1.4567355  4.5638256]
[-1.8196537 -1.4567891  4.563804 ]
[-1.8196408 -1.4568328  4.563779 ]
[-1.8196281 -1.4569107  4.5637574]
[-1.8196411 -1.4568211  4.563779 ]
[-1.8196408 -1.456825   4.5637784]
[-1.8196452 -1.4568065  4.5637875]
[-1.8196229 -1.4569361  4.563749 ]
[-1.8196735 -1.4567027  4.563843 ]
[-1.8196735 -1.4567027  4.563843 ]
[-1.819654  -1.4567755  4.563805 ]
[-1.8196547 -1.4567857  4.5638084]
[-1.8196409 -1.4568242  4.56378  ]
[-1.8196409 -1.4568242  4.56378  ]
[-1.8196532 -1.4567779  4.563805 ]
[-1.8196776 -1.4566981  4.5638533]
[-1.8196548 -1.4567741  4.563809 ]
[-1.8196601 -1.4567475  4.5638185]
[-1.8196601 -1.4567475  4.5638185]
[-1.8196424 -1.4568137  4.563784 ]
[-1.8196542 -1.4567904  4.5638103]
[-1.8196447 -1.456803   4.5637884]
[-1.8196415 -1.4568199  4.563783 ]
[-1.8196415 -1.4568199  4.563783 ]
[-1.8196545 -1.4567755  4.563809 ]
[-1.8196428 -1.4568104  4.5637856]
[-1.8196706 -1.4567086  4.5638404]
[-1.8196249 -1.4569185  4.563756 ]
[-1.8196619 -1.4567428  4.5638247]
[-1.8196619 -1.4567428  4.5638247]
[-1.8196415 -1.456813   4.563785 ]
[-1.8196539 -1.4567902  4.5638127]
[-1.8196558 -1.4567634  4.5638137]
[-1.8196598 -1.4567457  4.563822 ]
[-1.8196744 -1.4566987  4.563851 ]
[-1.819672  -1.4567031  4.563846 ]
[-1.819672  -1.4567031  4.563846 ]
[-1.8196682 -1.4567115  4.563838 ]
[-1.8196555 -1.456772   4.5638156]
[-1.8196682 -1.4567218  4.56384  ]
[-1.8196228 -1.4569385  4.563757 ]
[-1.819665  -1.4567348  4.563835 ]
[-1.8196676 -1.4567251  4.56384  ]
[-1.8196248 -1.4569316  4.5637627]
[-1.8196237 -1.4569353  4.563761 ]
[-1.8196746 -1.4566984  4.563855 ]
[-1.8196746 -1.4566984  4.563855 ]
[-1.8196527 -1.4567807  4.563814 ]
[-1.8196387 -1.4568213  4.5637865]
[-1.8196663 -1.4567275  4.5638413]
[-1.8196616 -1.4567431  4.5638323]
[-1.819622  -1.4569404  4.5637617]
[-1.8196666 -1.456726   4.563844 ]
[-1.8196666 -1.456726   4.563844 ]
[-1.8196566 -1.4567568  4.5638247]
[-1.8196411 -1.456807   4.563793 ]
[-1.8196411 -1.456807   4.563793 ]
[-1.8196241 -1.4569323  4.563767 ]
[-1.8196218 -1.4569367  4.563764 ]
[-1.8196663 -1.456725   4.5638456]
[-1.8196232 -1.456933   4.5637674]
[-1.8196326 -1.4568858  4.563789 ]
[-1.819624  -1.4569291  4.563776 ]
[-1.8196266 -1.4569205  4.563783 ]
[-1.8196223 -1.4569384  4.563778 ]
[-1.8196231 -1.4569281  4.563783 ]
